81
83
91
88
90
86
69
71
79
76
78
74
57
59
67
64
65
64
64
64
86
@3.5
78
@3.5
64
69
70
71
@4.0
67
91
79
71
91
@4.5
74
71
@4.75
77
91
72
76
59
91
81
82
83
@6.0
59
91
81
83
72
90
81
91
@7.0
67
74
@7.25
59
74
@7.5
59
69
70
71
@8.0
67
91
79
71
91
@8.5
74
71
@8.75
77
91
91
@9.0
72
76
59
88
@9.75
58
86
85
@10.0
57
88
91
83
57
81
91
88
81
@11.0
84
@11.0
74
64
64
69
@11.75
65
70
71
@12.0
67
91
79
71
91
@12.5
74
71
@12.75
77
91
72
76
59
91
81
82
83
@14.0
59
91
81
83
72
90
81
91
@15.0
67
74
@15.25
59
74
@15.5
59
91
81
83
@16.0
79
91
81
83
77
91
81
91
83
@17.0
76
91
81
83
75
91
81
91
83
@18.0
74
91
81
83
78
@18.5
74
90
81
91
@19.0
79
74
67
69
70
91
@20.0
79
74
67
71
84
85
86
@21.125
71
@21.125
67
88
@21.375
71
@21.375
59
86
@21.5
71
64
71
84
@21.875
59
85
86
@22.125
71
@22.125
67
88
@22.375
71
@22.375
59
86
@22.5
71
64
71
79
@22.875
59
74
76
78
79
69
71
69
79
69
74
@24.125
59
71
84
86
88
86
71
84
86
@25.125
71
@25.125
67
88
@25.375
71
@25.375
59
86
@25.5
71
64
71
84
@25.875
59
85
86
@26.125
71
@26.125
67
88
@26.375
71
@26.375
59
86
@26.5
71
59
86
88
@26.875
58
89
90
@27.125
57
90
90
79
@27.625
57
88
85
69
86
@28.125
78
@28.125
74
72
59
71
84
@28.875
57
85
86
@29.125
71
@29.125
67
88
@29.375
71
@29.375
59
86
@29.5
71
64
71
84
@29.875
59
85
86
@30.125
71
@30.125
67
88
@30.375
71
@30.375
59
86
@30.5
71
64
71
79
@30.875
59
74
76
78
79
69
71
@31.625
75
69
79
69
79
@32.125
57
74
@32.375
57
74
@32.625
57
86
85
86
91
@33.125
72
88
91
73
88
91
88
86
@34.125
59
91
83
98
83
91
86
88
@35.125
85
@35.125
57
91
@35.375
88
83
@35.625
78
@35.625
74
81
@35.75
84
91
@36.0
71
79
74
67
71
84
85
79
@37.125
67
74
67
69
70
71
@38.125
67
91
79
71
91
@38.625
74
71
@38.875
77
91
91
@39.125
72
76
59
91
81
82
83
@40.125
59
91
81
83
72
90
81
91
@41.125
67
74
@41.375
59
74
@41.625
59
69
70
71
@42.125
67
91
79
71
91
@42.625
74
71
@42.875
77
91
91
@43.125
72
76
59
88
@43.875
58
86
85
@44.125
57
88
91
83
57
81
91
88
81
@45.125
84
@45.125
74
64
64
69
@45.875
65
70
71
@46.125
67
91
79
71
91
@46.625
74
71
@46.875
77
91
91
@47.125
72
76
59
91
81
82
83
@48.125
59
91
81
83
72
90
81
91
@49.125
67
74
@49.375
59
74
@49.625
59
91
81
83
@50.125
79
91
81
83
77
91
81
91
83
@51.125
76
91
81
83
75
91
81
91
83
@53.125
74
91
81
83
78
@54.125
74
90
81
91
@54.875
79
74
91
@55.375
71
@55.375
